astromon/tests/data/astromon_xray_src.ecsv
# %ECSV 1.0
# ---
# datatype:
# - {name: obsid, datatype: int32}
# - {name: id, datatype: int32}
# - {name: ra, datatype: float64}
# - {name: dec, datatype: float64}
# - {name: net_counts, datatype: float32}
# - {name: y_angle, datatype: float32}
# - {name: z_angle, datatype: float32}
# - {name: r_angle, datatype: float32}
# - {name: snr, datatype: float32}
# - {name: near_neighbor_dist, datatype: float32}
# - {name: pileup, datatype: float32}
# - {name: acis_streak, datatype: int32}
# schema: astropy-2.0
obsid id ra dec net_counts y_angle z_angle r_angle snr near_neighbor_dist pileup acis_streak
13276 1 258.1228771290164 -38.47566112321689 27.0 24.03927 -114.04151 116.547646 3.7882755 17.936275 0.0020883312 0
13276 2 258.12016222750526 -38.47115495038172 39.0 40.676014 -107.33862 114.78727 4.8421397 17.936275 0.0034457464 0
13276 3 258.12024797017983 -38.46558897540117 18.0 60.66621 -108.735886 124.51459 2.8488166 11.486612 0.0012529987 0
13276 4 258.11621075304595 -38.46515501718881 71.14286 62.882133 -97.46504 115.98965 6.075215 11.486612 0.00605616 0
13276 5 258.10539470256765 -38.47816889903477 34.714287 17.865522 -64.332565 66.76717 4.062381 33.820377 0.0034457464 0
13276 6 258.10393994340535 -38.46884364354714 20.714285 51.616707 -62.17032 80.80491 2.7171254 33.820377 0.0017750814 0
13276 7 258.09739493446284 -38.494210773898295 52.42857 -38.493793 -38.50712 54.44787 5.113988 26.165619 0.0048031616 0
13276 8 258.09394525818686 -38.50244803743953 32.0 -67.54087 -27.10095 72.77521 4.2494164 15.363232 0.002819247 0
13276 9 258.08951619594114 -38.50582352057497 21.714285 -78.95659 -13.946534 80.178856 2.8238297 15.40052 0.0021927475 0
13276 10 258.08920623616507 -38.500336768170534 75.14286 -59.18671 -14.207664 60.86809 6.322618 15.363232 0.006787076 0
13276 11 258.0882476531541 -38.49295758273199 23.714285 -32.51047 -13.03479 35.026226 3.0314994 5.7677674 0.0012529987 0
13276 12 258.08683529996705 -38.491797875793964 297.85715 -28.114218 -9.301147 29.612844 13.944839 5.7677674 0.027565971 0
13276 13 258.08532996255866 -38.50857477595605 84.0 -88.16865 -1.604978 88.18325 7.810185 15.40052 0.007204742 0
13276 14 258.07844067296526 -38.47504462537524 34.42857 33.45358 10.861485 35.17263 3.6933157 22.628084 0.0034457464 0
13276 15 258.0778018841506 -38.513600731088744 27.714285 -105.01785 20.602734 107.01973 3.426285 27.876123 0.0022971642 0
13276 16 258.0735013686673 -38.480000104844 20.714285 16.439478 25.779612 30.575232 2.7171254 22.628084 0.0019839145 0
13276 17 258.071754140292 -38.471336817588146 40.42857 47.85784 28.91266 55.91346 4.1974998 21.388418 0.003758996 0
13276 18 258.06540815987717 -38.474594789478175 18.0 37.170147 47.43933 60.26699 2.8488166 21.388418 0.0016706649 0
13276 19 258.0495002290059 -38.4995181153249 32.714287 -49.85228 97.30856 109.33529 3.886924 32.644962 0.0031324967 0
13276 20 258.1466674535218 -38.5037354813788 24.079546 -80.73719 -175.11874 192.8343 3.4130697 121.278755 0.0020883312 0
13276 21 258.13660825421346 -38.45989171279741 21.318182 78.47743 -155.96106 174.59254 2.3993797 50.47233 0.001879498 0
13276 22 258.05206487582876 -38.515897836240036 43.238636 -109.13499 93.45295 143.67986 4.641956 29.964954 0.0035501628 0
13276 23 258.0447242246238 -38.50778008436563 28.0 -78.7816 112.434296 137.28806 4.1116915 14.704927 0.0019839145 0
13276 24 258.04294039661187 -38.511618884232064 18.079546 -92.29318 118.23706 149.99344 2.7553957 14.704927 0.0015662484 0
14533 1 103.55424099042457 -23.928220141764413 3919.8572 -5.9607077 -9.755681 11.432556 57.32783 60.404625 0.06577927 0
14533 2 103.5485054437287 -23.944159259160028 44.42857 -46.095493 35.387623 58.112633 4.51532 60.404625 0.00076870597 0
14533 3 103.52009167961229 -23.927478877584676 19.714285 52.786907 86.07375 100.97103 2.608375 40.97496 0.00027453783 0
14533 4 103.60533096238213 -23.942564824616287 41.397728 -135.08514 -129.14438 186.8857 4.0886645 155.23346 0.0005124706 0
14533 5 103.59355192904026 -23.90081035870451 20.238636 14.345717 -171.19011 171.79015 2.4940007 155.23346 0.0002562353 0
14533 6 103.50835775918141 -23.923669866304145 21.079546 84.033485 112.58034 140.48473 3.0947278 40.97496 0.00027453783 0
14577 1 260.58025807139165 -38.46613164468209 34.0 -64.33653 41.976555 76.819405 4.4244766 24.44417 0.0048695267 0
14577 2 260.57275430155426 -38.4627280739731 100.42857 -79.7068 22.969387 82.950386 8.030669 24.44417 0.013796992 0
14577 3 260.5652018250216 -38.4837390456207 32.714287 -8.25576 -9.7289915 12.759736 3.886924 76.279205 0.005031844 0
14577 4 260.5434618503668 -38.50661883439322 130.42857 63.68935 -82.94324 104.57492 9.497169 102.64709 0.018179566 0
14577 5 260.51738155662275 -38.48618923339903 26.0 -20.285574 -144.23692 145.65643 3.6915224 103.96492 0.0030840335 0
14577 6 260.6088719494491 -38.47903744086908 24.0 -5.9721904 114.47601 114.63169 3.7210371 93.07292 0.0025970808 0
14577 7 260.5747367605348 -38.52462744140485 38.0 141.32426 -5.8944507 141.44714 4.985343 109.37868 0.0035709862 0
14572 1 70.1941948520416 50.45650428143522 25.428572 -9.797329 -99.83292 100.31251 2.8607898 36.81028 0.0015041771 0
14572 2 70.18539050286846 50.46755326613745 18.0 26.354742 -73.71201 78.28175 2.8488166 29.823282 0.0011281328 0
14572 3 70.1792426351746 50.4474053392165 19.0 -47.486614 -71.0724 85.47669 2.9618783 42.284386 0.0011281328 0
14572 4 70.1792498040169 50.46024923818564 26.0 -1.8082391 -63.900047 63.92563 3.6915224 29.371075 0.0014415031 0
14572 5 70.16778115730446 50.456608744814496 31.714285 -18.83931 -39.970932 44.18818 3.7974064 9.382807 0.0017548732 0
14572 6 70.16707107708376 50.47273841902822 21.0 38.27018 -29.344992 48.225876 3.1807425 25.228212 0.0011908069 0
14572 7 70.16694011786785 50.46573107817541 23.0 13.303236 -32.96638 35.549377 3.3908377 25.228212 0.0011908069 0
14572 8 70.1640804157166 50.45549450232909 28.714285 -24.119131 -32.214607 40.24318 3.5211296 9.382807 0.0016295251 0
14572 9 70.16063775498758 50.45200867160389 231.85715 -37.741013 -26.367437 46.039394 13.024191 14.823801 0.013286897 0
14572 10 70.15537420384892 50.46142425525991 275.14285 -6.127721 -9.189417 11.045105 14.654246 9.370863 0.014728401 0
14572 11 70.15333999896853 50.45916623102812 33.42857 -14.881445 -5.8449583 15.98815 3.605695 7.7637463 0.0019428954 0
14572 12 70.15117344897281 50.47049804552067 22.714285 24.649261 5.3874373 25.231144 2.9285893 19.760078 0.0014415031 0
14572 13 70.15056178688825 50.46398071017323 32.0 1.2533706 3.1332576 3.374647 4.2494164 14.364151 0.0018802213 0
14572 14 70.14996959465631 50.45938285631162 47.42857 -15.309114 1.9069997 15.427431 4.7452354 7.7637463 0.0028830061 0
14572 15 70.14605204253719 50.45081347923018 25.0 -47.178043 5.994291 47.557327 3.5930898 32.129963 0.0014415031 0
14572 16 70.14321836134891 50.468378891120715 50.714287 14.286436 22.212198 26.409922 5.3264647 19.760078 0.00263231 0
14572 17 70.13025530146825 50.49886204248578 19.0 118.10145 68.54699 136.5527 3.1871643 112.79379 0.00081476255 0
14572 18 70.1090522781549 50.43259372699773 23.0 -125.10877 79.6493 148.3112 3.618704 107.229935 0.0010654588 0
14538 1 339.27065553060635 56.908814874766946 29.714285 81.286995 -35.193233 88.57844 3.6145608 90.477425 0.00028214703 0
14538 2 339.23450668503557 56.89077268688417 19.0 -9.633712 -66.860374 67.55086 2.9618783 41.157364 0.00017130356 0
14538 3 339.2249424636673 56.9058666005596 2026.7142 -5.469125 -9.511734 10.971983 41.533424 28.806677 0.018349633 1
14538 4 339.21911975265766 56.898523591792184 24.714285 -26.420502 -29.282024 39.439575 3.1326463 19.185974 0.00024184032 0
14538 5 339.2116729630983 56.89507947143504 218.14285 -44.767616 -34.89317 56.75978 12.7580805 19.185974 0.0019951826 0
14538 6 339.2113631229467 56.882997051153595 34.0 -62.50235 -74.61488 97.33409 4.4244766 43.500984 0.00031237706 0
14538 7 339.1975584708623 56.895487606205435 37.142857 -69.6833 -22.58267 73.251205 3.6278522 23.540888 0.00034260712 0
14538 8 339.1941439198731 56.90175521774681 39.0 -66.93631 0.79739463 66.941055 4.8421397 23.540888 0.0003325304 0
14538 9 339.1412803075709 56.89469716321565 18.079546 -172.44562 18.559206 173.44145 2.7553957 106.99391 0.00011084347 0
13748 1 220.1701985211331 -62.70064855337417 22.857143 95.189896 -65.1233 115.33499 2.0607057 41.432556 0.0010291298 0
13748 2 220.1572359497532 -62.75482728179476 211.57143 -95.95755 -109.4158 145.53236 12.098618 48.505665 0.014322056 0
13748 3 220.14957419051078 -62.722463273118706 21.428572 9.818908 -58.96142 59.773407 2.4536812 36.20598 0.00085760816 0
13748 4 220.13876981989995 -62.731217469999926 22.714285 -25.81819 -52.568447 58.56638 2.9285893 36.20598 0.0015436946 0
13748 5 220.11848014385637 -62.740271213509665 53.42857 -67.65145 -31.785702 74.74657 5.185735 46.711285 0.004545323 0
13748 6 220.08275125523133 -62.75266956338643 27.714285 -129.2865 8.9893265 129.59863 3.426285 73.90184 0.0022297811 0
13748 7 220.0831390903926 -62.72285433878261 24.857143 -27.817856 43.9934 52.05048 2.257499 49.089443 0.00085760816 0
13748 8 220.06362974371615 -62.71256019955452 21.714285 -3.5437799 86.66122 86.73364 2.8238297 49.089443 0.0013721731 0
13748 9 220.22288834602435 -62.71406257129902 39.136364 78.315056 -163.16476 180.98616 -0.58419013 31.59653 0.0017152163 0
13748 10 220.21479833431232 -62.704514135305 50.454544 106.363434 -139.22311 175.20346 -0.0693557 31.698545 0.0016294555 0
13748 11 220.20433534718683 -62.71189753008712 38.897728 75.573654 -131.68738 151.83195 -0.4240745 31.59653 0.0015436946 0
13748 12 220.1952095465457 -62.699716336030605 49.55682 111.99699 -102.99384 152.15471 -1.9986609 36.66465 0.0016294555 0
13748 13 220.19185745157975 -62.75021060903474 30.193182 -61.417137 -157.78325 169.31516 1.6308193 49.586285 0.0020582597 0
13748 14 220.18064948841024 -62.76299333733401 47.0 -110.952896 -155.5454 191.06259 5.67997 48.505665 0.0025728245 0
13748 15 220.13690172453275 -62.67843367926846 40.454544 152.4756 13.227162 153.04825 -0.72135043 11.70396 0.0021440203 0
13748 16 220.135271088463 -62.68779526464616 44.090908 119.78161 4.6152396 119.87049 -0.9123365 33.809208 0.0016294555 0
13748 17 220.12989616330424 -62.67795365725132 54.52 150.27469 24.72232 152.2947 -1.6421212 11.70396 0.0022297811 0
13748 18 220.1096372805586 -62.68176773630445 36.113636 126.23262 51.758457 136.43172 2.271512 36.179737 0.0018867379 0
13748 19 220.0843369143203 -62.69033070404172 36.625 83.29317 80.96865 116.16228 0.48836622 51.932957 0.0011148906 0
13748 20 220.03257513806207 -62.708957447537635 35.477272 -8.340816 139.31543 139.56488 3.4002006 52.872276 0.0024013028 0
14534 1 103.55433217635577 -23.928307687652648 3303.7144 -6.504588 -8.8946085 11.019243 53.226913 60.25093 0.05707435 0
14534 2 103.54860619478049 -23.944204737733777 32.0 53.19482 -0.7610097 53.20026 4.2494164 60.25093 0.00055300904 0
14534 3 103.5936254992769 -23.90107319388837 27.079546 -151.27629 64.42252 164.42256 3.713714 128.85512 0.0002479006 0
14534 4 103.56520658019227 -23.87645699645551 18.079546 -189.98491 -58.481037 198.78203 2.7553957 128.85512 0.00019069278 0
14544 1 139.0243809409133 -49.98006696974657 210.14285 31.395363 100.57208 105.3585 12.472026 65.54641 0.009666824 0
14544 2 139.01026353883643 -49.9958504886323 29.0 57.273254 40.350273 70.05976 3.9770534 30.34185 0.0013333551 0
14544 3 139.00068133949665 -50.001603477266755 20.714285 60.555767 10.1865015 61.40656 2.7171254 18.232302 0.0010000162 0
14544 4 138.99879976390284 -50.011122854927734 27.714285 85.37599 -13.841097 86.49067 3.426285 25.259352 0.0013333551 0
14544 5 138.9944357517665 -50.004691299867545 23.0 60.7908 -8.044285 61.320724 3.3908377 18.232302 0.0011666856 0
14544 6 138.9882819543119 -50.00825995697512 18.0 62.54086 -27.141743 68.17649 2.8488166 19.177479 0.00088890333 0
14544 7 138.98679300203966 -49.958816136732224 63.0 -82.01366 76.77685 112.34289 6.5599804 79.08874 0.0027222666 0
14544 8 138.98418095635685 -49.99781807375556 20.428572 26.761728 -12.209683 29.415413 2.3475945 34.28306 0.0011666856 0
14544 9 138.96992298186 -50.01213469848963 61.714287 48.256283 -69.50439 84.614 6.0869117 44.706184 0.0030556053 0
14544 10 138.95626202220134 -49.97828205137108 190.14285 -68.26457 -21.811747 71.66452 11.730959 95.51019 0.009777937 0
14544 11 139.0028279196849 -50.019959115673345 41.079544 116.423195 -25.451944 119.17283 4.944379 33.14726 0.0015555809 0
14544 12 138.96143539715075 -50.0313019470174 22.079546 91.74411 -126.56141 156.31625 3.2029924 71.74046 0.00088890333 0
14544 13 138.95981880393674 -49.945347214272545 28.15909 -158.27126 55.805294 167.8214 3.5547347 79.08874 0.0012777986 0
14544 14 138.89728166311372 -49.98519286855781 19.079546 -130.07574 -146.06958 195.59146 2.8710828 0.38699353 0.0009444598 0
14544 15 138.8971161546661 -49.9852080586415 20.079546 -130.26117 -146.40927 195.96848 2.9841397 0.38699353 0.0009444598 0
14536 1 0.6444913033180796 67.43143387783118 38.0 -12.52756 101.02484 101.798615 4.760724 16.73408 0.0021807766 0
14536 2 0.6350310202756155 67.39644572036396 40.0 88.08432 24.124891 91.3283 4.9225698 36.053368 0.0021807766 0
14536 3 0.6328218617293432 67.4326790258295 47.0 -24.76634 89.612495 92.97188 5.4606013 16.73408 0.0028622693 0
14536 4 0.6215535866236248 67.44063529933767 155.14285 -57.32175 91.29205 107.7962 10.328725 31.172209 0.009404599 0
14536 5 0.6197301831344048 67.40622157005838 50.714287 47.017452 24.446913 52.99332 5.3264647 15.552538 0.0029304186 0
14536 6 0.6112066416085932 67.40340399203973 165.28572 49.509926 9.095397 50.338444 10.089248 15.129403 0.009949793 0
14536 7 0.6099982743887498 67.39922711155207 66.71429 61.45912 -0.18444823 61.4594 6.410496 15.129403 0.004020807 0
14536 8 0.6098692258967192 67.43303325981923 20.0 -42.41297 63.235027 76.1415 3.0724714 30.14655 0.0012266869 0
14536 9 0.6093893251417599 67.40934553226184 166.42857 29.957449 18.124851 35.0137 11.042962 14.938532 0.009540898 0
14536 10 0.6017688212224542 67.42190799366756 64.0 -14.109467 32.767178 35.67583 6.6238403 20.770262 0.0039526573 0
14536 11 0.5990432264573271 67.41053887052941 95.14286 18.819622 8.169522 20.516317 7.4725623 14.938532 0.0054519414 0
14536 12 0.5922034606578914 67.42811859738353 37.714287 -40.080067 33.178883 52.031242 4.3172445 8.035549 0.0021126273 0
14536 13 0.5910052645567593 67.42593440125378 21.714285 -34.241505 27.657898 44.01636 2.8238297 8.035549 0.0012266869 0
14536 14 0.5871221639726975 67.4358415319474 29.0 -67.45244 41.724148 79.314156 3.9770534 27.466532 0.001771881 0
14536 15 0.5807586670300945 67.42861335529628 42.0 -49.86446 20.627382 53.96252 5.080608 4.858991 0.0021807766 0
14536 16 0.5804682584226554 67.39717711878176 20.0 46.401367 -38.87558 60.534267 3.0724714 17.427742 0.0012266869 0
14536 17 0.5794034696897964 67.40200083271026 29.0 30.827707 -31.05335 43.756805 3.9770534 7.7913756 0.0015674331 0
14536 18 0.5795503099675549 67.42734583285959 538.1429 -46.847424 16.81854 49.774937 18.692236 4.858991 0.029236035 0
14536 19 0.578698270372854 67.44550726717416 54.42857 -103.19814 49.995018 114.670654 5.2568526 36.690094 0.0034756127 0
14536 20 0.5781962784739707 67.39048015519258 86.0 65.31004 -54.15937 84.844795 7.9206333 18.177517 0.0050430456 0
14536 21 0.574928970818988 67.41976849834194 20.0 -26.933073 -2.8874369 27.08741 3.0724714 16.178951 0.0012266869 0
14536 22 0.5740735188393524 67.40270045048179 37.714287 24.825996 -36.021748 43.748104 4.3172445 7.7913756 0.002044478 0
14536 23 0.5704658423990047 67.42392313762976 343.57144 -42.907906 -0.32556826 42.90914 16.30826 16.178951 0.02058108 0
14536 24 0.5689308609890877 67.40569681116041 597.5714 11.911707 -36.444992 38.342224 21.496548 12.921223 0.035028722 0
14536 25 0.5679423223208706 67.3936356703734 94.14286 48.206936 -60.316154 77.213646 7.4181023 10.993543 0.0057926876 0
14536 26 0.5670489744540462 67.43540227527357 28.428572 -80.601326 17.25975 82.42859 3.149973 14.190785 0.0017037317 0
14536 27 0.561016282203564 67.39839913553983 83.0 28.57853 -59.516342 66.02217 7.7544675 10.228582 0.0049748966 0
14536 28 0.5599997464955033 67.39357273142599 50.714287 42.651817 -69.80292 81.80235 5.3264647 5.7275934 0.0030667172 0
14536 29 0.5585292481511879 67.39505993632436 36.0 37.02431 -68.736855 78.074036 4.594796 5.7275934 0.0019763287 0
14536 30 0.5572058873553124 67.43653060392803 25.714285 -91.17484 7.7951264 91.50746 3.2321105 13.726059 0.0016355824 0
14536 31 0.5545825160046022 67.4216124097127 32.0 -47.29925 -23.387453 52.765446 4.2494164 11.7031765 0.001771881 0
14536 32 0.5538929509181733 67.39763894940307 28.0 25.755693 -69.347694 73.97607 3.8834283 10.228582 0.0015674331 0
