astromon/tests/data/astromon_xray_src.ecsv
# %ECSV 1.0
# ---
# datatype:
# - {name: obsid, datatype: int32}
# - {name: id, datatype: int32}
# - {name: name, datatype: string}
# - {name: ra, datatype: float64}
# - {name: dec, datatype: float64}
# - {name: net_counts, datatype: float64}
# - {name: y_angle, datatype: float64}
# - {name: z_angle, datatype: float64}
# - {name: r_angle, datatype: float64}
# - {name: snr, datatype: float64}
# - {name: near_neighbor_dist, datatype: float64}
# - {name: double_id, datatype: int32}
# - {name: status_id, datatype: int32}
# - {name: pileup, datatype: float64}
# - {name: acis_streak, datatype: bool}
# schema: astropy-2.0
obsid id name ra dec net_counts y_angle z_angle r_angle snr near_neighbor_dist double_id status_id pileup acis_streak
[from data line 86]
14534 3 "" 103.5936254992769 -23.90107319388837 27.079545974731445 -151.27629797497522 64.42252583255015 164.42256585900574 3.7137138843536377 128.85512212651915 0 0 0.00024790060706436634 False
14534 4 "" 103.56520658019227 -23.87645699645551 18.079545974731445 -189.98490875193087 -58.48103778526493 198.78203473634403 2.7553956508636475 128.85512212651915 0 0 0.00019069277914240956 False
14544 1 "" 139.0243809409133 -49.98006696974657 210.14285278320312 31.395362493390856 100.57208446812993 105.35849733341908 12.472025871276855 65.54641193617043 0 0 0.009666823782026768 False
14544 2 "" 139.01026353883643 -49.9958504886323 29.0 57.27325568469876 40.35027146249711 70.05976180249321 3.97705340385437 30.34185053991984 0 0 0.0013333550887182355 False
14544 3 "" 139.00068133949665 -50.001603477266755 20.714284896850586 60.55576609279997 10.186501479162121 61.40656006870011 2.717125415802002 18.23230100526534 0 0 0.0010000162292271852 False
14544 4 "" 138.99879976390284 -50.011122854927734 27.714284896850586 85.37599127888382 -13.841097298332288 86.49066921508901 3.4262850284576416 25.259351663820194 0 0 0.0013333550887182355 False
14544 5 "" 138.9944357517665 -50.004691299867545 23.0 60.79079636595511 -8.044284590486667 61.320726001734215 3.3908376693725586 18.23230100526534 0 0 0.0011666856007650495 False
14544 6 "" 138.9882819543119 -50.00825995697512 18.0 62.54086028544908 -27.141743647436215 68.17648754128659 2.8488166332244873 19.17747809682438 0 0 0.0008889033342711627 False
14544 7 "" 138.98679300203966 -49.958816136732224 63.0 -82.01365349468097 76.77685119938357 112.34288691162374 6.559980392456055 79.0887370896141 0 0 0.0027222665958106518 False
14544 8 "" 138.98418095635685 -49.99781807375556 20.428571701049805 26.761728327164395 -12.209683397157441 29.415412145944433 2.3475944995880127 34.283057314178706 0 0 0.0011666856007650495 False
14544 9 "" 138.96992298186 -50.01213469848963 61.71428680419922 48.256283750235816 -69.50438837412864 84.6139995783498 6.086911678314209 44.70618296198331 0 0 0.00305560533888638 False
14544 10 "" 138.95626202220134 -49.97828205137108 190.14285278320312 -68.2645685461143 -21.811746571939487 71.66452125916737 11.730958938598633 95.51019167953231 0 0 0.009777937084436417 False
14544 11 "" 139.0028279196849 -50.019959115673345 41.07954406738281 116.42319797146126 -25.4519445635219 119.17282621456393 4.944378852844238 33.147259579446185 0 0 0.0015555808786302805 False
14544 12 "" 138.96143539715075 -50.0313019470174 22.079545974731445 91.74411038284327 -126.56140536848491 156.31625353361463 3.2029924392700195 71.7404645477152 0 0 0.0008889033342711627 False
14544 13 "" 138.95981880393674 -49.945347214272545 28.159090042114258 -158.27125752229634 55.80529516752174 167.82139889305913 3.554734706878662 79.0887370896141 0 0 0.0012777985539287329 False
14544 14 "" 138.89728166311372 -49.98519286855781 19.079545974731445 -130.0757457691517 -146.06958277898062 195.59146875727086 2.8710827827453613 0.38699352279958643 0 0 0.0009444598108530045 False
14544 15 "" 138.8971161546661 -49.9852080586415 20.079545974731445 -130.26116633819942 -146.4092638047428 195.96847701514352 2.9841396808624268 0.38699352279958643 0 0 0.0009444598108530045 False
14536 1 "" 0.6444913033180796 67.43143387783118 38.0 -12.527559806887949 101.02484194565379 101.79861710681283 4.760724067687988 16.734080193836906 0 0 0.002180776558816433 False
14536 2 "" 0.6350310202756155 67.39644572036396 40.0 88.08432235244881 24.12489129752413 91.32829914329659 4.922569751739502 36.05336700828943 0 0 0.002180776558816433 False
14536 3 "" 0.6328218617293432 67.4326790258295 47.0 -24.766339377637806 89.61249273296491 92.97187972706598 5.460601329803467 16.734080193836906 0 0 0.002862269291654229 False
14536 4 "" 0.6215535866236248 67.44063529933767 155.14285278320312 -57.32175166280577 91.29205370299574 107.79620718282733 10.32872486114502 31.17220849568815 0 0 0.009404598735272884 False
14536 5 "" 0.6197301831344048 67.40622157005838 50.71428680419922 47.01745092953356 24.4469122438309 52.993322316766154 5.326464653015137 15.552538095974581 0 0 0.002930418588221073 False
14536 6 "" 0.6112066416085932 67.40340399203973 165.2857208251953 49.50992578897941 9.095397325042885 50.338444593875224 10.089247703552246 15.129402757132041 0 0 0.009949793107807636 False
14536 7 "" 0.6099982743887498 67.39922711155207 66.71428680419922 61.459122175811785 -0.1844482284362631 61.45939895386493 6.410496234893799 15.129402757132041 0 0 0.00402080686762929 False
14536 8 "" 0.6098692258967192 67.43303325981923 20.0 -42.412970310601246 63.23502909135376 76.14150612348234 3.0724713802337646 30.146548740538062 0 0 0.0012266868725419044 False
14536 9 "" 0.6093893251417599 67.40934553226184 166.42857360839844 29.957448588674367 18.12485118205555 35.013696695932126 11.042962074279785 14.938532010036665 0 0 0.00954089779406786 False
14536 10 "" 0.6017688212224542 67.42190799366756 64.0 -14.109466313509845 32.767177270194175 35.67583139757781 6.62384033203125 20.770261545788912 0 0 0.003952657338231802 False
14536 11 "" 0.5990432264573271 67.41053887052941 95.14286041259766 18.819622583358612 8.169522433581085 20.516317675763506 7.472562313079834 14.938532010036665 0 0 0.005451941397041082 False
14536 12 "" 0.5922034606578914 67.42811859738353 37.71428680419922 -40.080067511110656 33.17888220766679 52.031240963919124 4.317244529724121 8.035549325969313 0 0 0.002112627262249589 False
14536 13 "" 0.5910052645567593 67.42593440125378 21.714284896850586 -34.241506415010846 27.65789884442472 44.01636207204838 2.8238296508789062 8.035549325969313 0 0 0.0012266868725419044 False
14536 14 "" 0.5871221639726975 67.4358415319474 29.0 -67.45243527319492 41.72414819383582 79.3141574171076 3.97705340385437 27.466531545332913 0 0 0.0017718810122460127 False
14536 15 "" 0.5807586670300945 67.42861335529628 42.0 -49.86446175086164 20.627382031495408 53.962518799407455 5.080607891082764 4.858990938466168 0 0 0.002180776558816433 False
14536 16 "" 0.5804682584226554 67.39717711878176 20.0 46.40136862669628 -38.87558007176163 60.534269107229704 3.0724713802337646 17.427741784552666 0 0 0.0012266868725419044 False
14536 17 "" 0.5794034696897964 67.40200083271026 29.0 30.827708105741706 -31.05335010281392 43.756806780896916 3.97705340385437 7.791375868220436 0 0 0.0015674331225454807 False
14536 18 "" 0.5795503099675549 67.42734583285959 538.1428833007812 -46.84742351374641 16.818540578260453 49.774937439025614 18.692235946655273 4.858990938466168 0 0 0.02923603542149067 False
14536 19 "" 0.578698270372854 67.44550726717416 54.42856979370117 -103.19814381073422 49.99501702379354 114.67065279830923 5.256852626800537 36.69009335029111 0 0 0.0034756127279251814 False
14536 20 "" 0.5781962784739707 67.39048015519258 86.0 65.3100400684976 -54.15937027056469 84.84479195479761 7.920633316040039 18.17751671685604 0 0 0.0050430456176400185 False
14536 21 "" 0.574928970818988 67.41976849834194 20.0 -26.933073747116484 -2.887436910047971 27.087409499195793 3.0724713802337646 16.178951195107057 0 0 0.0012266868725419044 False
14536 22 "" 0.5740735188393524 67.40270045048179 37.71428680419922 24.82599618108428 -36.02174943190499 43.7481030276532 4.317244529724121 7.791375868220436 0 0 0.002044477965682745 False
14536 23 "" 0.5704658423990047 67.42392313762976 343.5714416503906 -42.90790679347617 -0.3255682727852136 42.90914191752013 16.308259963989258 16.178951195107057 0 0 0.020581079646945 False
14536 24 "" 0.5689308609890877 67.40569681116041 597.5714111328125 11.911706949072858 -36.44499180695832 38.34222463876933 21.49654769897461 12.921222870769121 0 0 0.03502872213721275 False
14536 25 "" 0.5679423223208706 67.3936356703734 94.14286041259766 48.206937701503634 -60.316155423199646 77.21364806556046 7.418102264404297 10.993542888562837 0 0 0.005792687647044659 False
14536 26 "" 0.5670489744540462 67.43540227527357 28.428571701049805 -80.60132314052206 17.259750178313517 82.42858890106423 3.149972915649414 14.190785719227964 0 0 0.0017037317156791687 False
14536 27 "" 0.561016282203564 67.39839913553983 83.0 28.578529770200365 -59.51634398350788 66.02217479748349 7.754467487335205 10.228581970699443 0 0 0.004974896553903818 False
14536 28 "" 0.5599997464955033 67.39357273142599 50.71428680419922 42.651818381529196 -69.8029164396645 81.80235176774404 5.326464653015137 5.727593606033593 0 0 0.003066717181354761 False
14536 29 "" 0.5585292481511879 67.39505993632436 36.0 37.02431036750095 -68.73685731000762 78.07403608784028 4.594796180725098 5.727593606033593 0 0 0.001976328669115901 False
14536 30 "" 0.5572058873553124 67.43653060392803 25.714284896850586 -91.17484185253525 7.795126499806741 91.50746299610105 3.2321105003356934 13.726058760169932 0 0 0.0016355824191123247 False
14536 31 "" 0.5545825160046022 67.4216124097127 32.0 -47.299251775118194 -23.387453955286325 52.765445331169715 4.249416351318359 11.703176916516798 0 0 0.0017718810122460127 False
14536 32 "" 0.5538929509181733 67.39763894940307 28.0 25.755693925662793 -69.34769622651655 73.97606870818184 3.8834283351898193 10.228581970699443 0 0 0.0015674331225454807 False
14536 33 "" 0.553869318622496 67.43293921488602 217.57142639160156 -82.56696682061322 -2.896420466018691 82.61775391205099 12.316085815429688 9.96960311474268 0 0 0.013152808882296085 False
14536 34 "" 0.5510807922326312 67.41865261325299 86.14286041259766 -40.75053426788986 -33.08686883195867 52.491398649890286 6.971583843231201 11.703176916516798 0 0 0.005451941397041082 False
14536 35 "" 0.549918801913351 67.40645196004675 36.0 -4.1592684401912035 -57.43504801140712 57.585451756760676 4.594796180725098 8.494450651691167 0 0 0.002112627262249589 False
14536 36 "" 0.5474459328573246 67.4342013463732 51.42856979370117 -91.08181947361572 -8.082003419086083 91.43968841750525 5.041595935821533 9.96960311474268 0 0 0.002998567884787917 False
14536 37 "" 0.544419449019596 67.40750259079378 236.57142639160156 -11.36206440894232 -61.937871803935444 62.97139407090886 12.984675407409668 5.615400227450666 0 0 0.013493554666638374 False
14536 38 "" 0.5435403159654922 67.3936299143505 39.0 30.560453220713363 -89.10676793743104 94.20168466280525 4.842139720916748 19.22569650245353 0 0 0.002317075151950121 False
14536 39 "" 0.5428917218634051 67.40894780123166 1073.857177734375 -16.90126663636698 -61.015939920254944 63.313487806830956 28.933406829833984 5.615400227450666 0 0 0.06194768473505974 False
14536 40 "" 0.5424176933548086 67.39895292556164 34.14285659790039 13.417731156357448 -80.4030626213775 81.51495561111125 3.371149778366089 13.360897882090043 0 0 0.002248925855383277 False
14536 41 "" 0.542420750606416 67.4292370901262 59.0 -79.4850742250457 -23.349736061054468 82.84375171780869 6.299389362335205 19.172588776345737 0 0 0.003066717181354761 False
14536 42 "" 0.5391057901959814 67.453008256677 80.14286041259766 -154.8042768934312 17.531363167707042 155.7938151500763 6.623018264770508 22.642057576138544 0 0 0.00408895593136549 False
14536 43 "" 0.5373205906870765 67.40210530501237 30.714284896850586 0.05701642911953855 -80.47302113055451 80.47304132908027 3.7066354751586914 8.227466167909993 0 0 0.0018400301923975348 False
14536 44 "" 0.5367955990508697 67.43632487988643 39.0 -105.29519483447395 -16.619043438076048 106.59864286202938 4.842139720916748 10.914986401267827 0 0 0.002385224448516965 False
14536 45 "" 0.536276796445502 67.4141625298656 60.0 -37.68528510519269 -58.986180609455594 69.99678718592 6.3653340339660645 20.229139556342947 0 0 0.0032711648382246494 False
14536 46 "" 0.5343574434573402 67.40602191255351 47.0 -14.102622532683277 -76.5861142504648 77.8737237987538 5.460601329803467 14.683440353782661 0 0 0.002862269291654229 False
14536 47 "" 0.5323461052412891 67.40085268705718 30.0 0.2977523345908667 -88.69696457442136 88.69746434464128 4.069218158721924 8.227466167909993 0 0 0.0016355824191123247 False
14536 48 "" 0.5303374458225615 67.43457804219824 27.0 -104.6062143190006 -27.51226307182803 108.16369397115726 3.7882754802703857 10.914986401267827 0 0 0.0017037317156791687 False
14536 49 "" 0.5246547416229117 67.40432415787933 21.0 -15.919995895991189 -91.22033202424035 92.59911038417717 3.1807425022125244 14.746632693328642 0 0 0.0012948360526934266 False
14536 50 "" 0.5235153326897832 67.45105438375147 127.71428680419922 -160.07611867725595 -4.488411024765784 160.13903210742274 8.0066556930542 0.21774723949109132 0 0 0.007291971705853939 False
14536 51 "" 0.521996798262869 67.41538625978426 197.14285278320312 -51.77399123925678 -73.50260050755664 89.90649837590219 11.994769096374512 20.229139556342947 0 0 0.011789822950959206 False
14536 52 "" 0.522052813874738 67.45054409119355 56.85714340209961 -159.5680261963528 -7.170405597815885 159.72905089756568 4.864564418792725 2.7296983091580844 0 0 0.0034756127279251814 False
14536 53 "" 0.5134776352687023 67.44149529472934 18.0 -138.01507929243007 -34.31526648940524 142.21708626720863 2.8488166332244873 34.094473369043406 0 0 0.0008859405061230063 False
14536 54 "" 0.5015188007594577 67.39920775787496 25.0 -16.989287890483084 -128.13185037154895 129.25326681621135 3.5930898189544678 36.92700329126619 0 0 0.0015674331225454807 False
14536 55 "" 0.5005072426614599 67.41981068942596 38.42856979370117 -80.90136212422084 -90.46919830334917 121.36600115026049 4.0333251953125 7.127963490432231 0 0 0.002317075151950121 False
14536 56 "" 0.49745637693930117 67.41821445935585 35.0 -78.2159937844014 -97.07197502230842 124.66238413576562 4.510206699371338 7.127963490432231 0 0 0.002112627262249589 False
14536 57 "" 0.4820371975835852 67.42197477201077 24.714284896850586 -100.91435586653971 -108.13182968421502 147.90605062273383 3.132646322250366 25.24947576395104 0 0 0.0014992839423939586 False
14536 58 "" 0.48181776544586175 67.413190901489 177.85714721679688 -74.14254583761416 -124.96361443925883 145.30320724955268 11.027962684631348 10.065029074163533 0 0 0.010017942637205124 False
14536 59 "" 0.47614107269280853 67.41144087724032 359.71429443359375 -72.89154167328115 -134.95059590737915 153.37809551322647 16.255945205688477 10.065029074163533 0 0 0.019899586215615273 False
14536 60 "" 0.4706873269895664 67.41634627341267 31.0 -91.88294587432387 -132.1144736812816 160.92454722206296 4.159986972808838 11.835988832791815 0 0 0.0016355824191123247 False
14536 61 "" 0.6669820035232514 67.41069382135493 17.0 67.38867348768648 88.59193677469909 111.30931935791494 2.9559009075164795 30.45975133400891 0 0 0.0008859405061230063 False
14536 62 "" 0.6602022835946236 67.40264367586119 36.07954406738281 87.22314459360905 65.47505533973948 109.0635586460463 4.532181739807129 30.45975133400891 0 0 0.002044477965682745 False
14536 63 "" 0.6597931735756027 67.44508039833602 191.31817626953125 -43.40940715238214 144.68872660993011 151.06026690471717 12.065177917480469 43.588868421711155 0 0 0.009745345450937748 False
14536 64 "" 0.6296790024276596 67.44871387961565 123.07954406738281 -76.26693314067538 116.04658220323664 138.86487796320856 9.74218463897705 31.17220849568815 0 0 0.005997135769575834 False
14536 65 "" 0.613074146863014 67.4560273407049 17.0 -110.690172878248 110.24698030485312 156.22647355091615 2.9559009075164795 34.90837745026447 0 0 0.0008859405061230063 False
14536 66 "" 0.5535630967453127 67.46287669940993 243.39772033691406 -174.6398858503796 53.123194762266564 182.54085447259013 13.767195701599121 9.630895914575376 0 0 0.013152808882296085 False
14536 67 "" 0.5483762555419127 67.46108661016964 97.07954406738281 -172.89219438476783 43.65220058750263 178.31776550672654 8.473973274230957 9.630895914575376 0 0 0.004702299367636442 False
14536 68 "" 0.5234472399301432 67.45110894250338 97.625 -160.29267526835702 -4.465671122464416 160.35486884800525 4.424585819244385 0.21774723949109132 0 0 0.007291971705853939 False
