astromon/tests/data/astromon_xray_src.ecsv
# %ECSV 1.0
# ---
# datatype:
# - {name: obsid, datatype: int32}
# - {name: id, datatype: int32}
# - {name: name, datatype: string}
# - {name: ra, datatype: float64}
# - {name: dec, datatype: float64}
# - {name: net_counts, datatype: float64}
# - {name: y_angle, datatype: float64}
# - {name: z_angle, datatype: float64}
# - {name: r_angle, datatype: float64}
# - {name: snr, datatype: float64}
# - {name: near_neighbor_dist, datatype: float64}
# - {name: double_id, datatype: int32}
# - {name: status_id, datatype: int32}
# - {name: pileup, datatype: float64}
# - {name: acis_streak, datatype: bool}
# schema: astropy-2.0
obsid id name ra dec net_counts y_angle z_angle r_angle snr near_neighbor_dist double_id status_id pileup acis_streak
13276 1 "" 258.1228771290164 -38.47566112321689 27.0 24.039270744431864 -114.04151512902291 116.54764566840147 3.7882754802703857 17.9362746977327 0 0 0.002088331151753664 False
13276 2 "" 258.12016222750526 -38.47115495038172 39.0 40.6760123045921 -107.33862170207934 114.787271445511 4.842139720916748 17.9362746977327 0 0 0.0034457463771104813 False
13276 3 "" 258.12024797017983 -38.46558897540117 18.0 60.66620932704575 -108.7358874917157 124.51458622476319 2.8488166332244873 11.486612528402578 0 0 0.0012529987143352628 False
13276 4 "" 258.11621075304595 -38.46515501718881 71.14286041259766 62.882134640817476 -97.46504269722755 115.98964352457631 6.075214862823486 11.486612528402578 0 0 0.0060561602003872395 False
13276 5 "" 258.10539470256765 -38.47816889903477 34.71428680419922 17.86552306755169 -64.33256231762051 66.76717373700754 4.062380790710449 33.82037580386231 0 0 0.0034457463771104813 False
13276 6 "" 258.10393994340535 -38.46884364354714 20.714284896850586 51.61670853656001 -62.17031835565027 80.80490755264245 2.717125415802002 33.82037580386231 0 0 0.001775081385858357 False
13276 7 "" 258.09739493446284 -38.494210773898295 52.42856979370117 -38.493794914395956 -38.50711863675558 54.44786894467721 5.113987922668457 26.16561977033484 0 0 0.0048031616024672985 False
13276 8 "" 258.09394525818686 -38.50244803743953 32.0 -67.54087371840446 -27.100950299781353 72.77520958263656 4.249416351318359 15.363231558491362 0 0 0.002819247078150511 False
13276 9 "" 258.08951619594114 -38.50582352057497 21.714284896850586 -78.95658762222821 -13.946534169823442 80.17885347332334 2.8238296508789062 15.400520713300416 0 0 0.0021927475463598967 False
13276 10 "" 258.08920623616507 -38.500336768170534 75.14286041259766 -59.18671007478335 -14.207663917503783 60.86808986216998 6.322618007659912 15.363231558491362 0 0 0.006787076126784086 False
13276 11 "" 258.0882476531541 -38.49295758273199 23.714284896850586 -32.510472426279044 -13.034790318187367 35.02622697378296 3.0314993858337402 5.767767562577248 0 0 0.0012529987143352628 False
13276 12 "" 258.08683529996705 -38.491797875793964 297.8571472167969 -28.114218289639112 -9.301147027513421 29.612845288234293 13.944838523864746 5.767767562577248 0 0 0.02756597101688385 False
13276 13 "" 258.08532996255866 -38.50857477595605 84.0 -88.16864657053965 -1.6049780210377327 88.1832534698553 7.810184955596924 15.400520713300416 0 0 0.007204742170870304 False
13276 14 "" 258.07844067296526 -38.47504462537524 34.42856979370117 33.45357951735232 10.86148448129699 35.17262895578421 3.6933157444000244 22.628083401156694 0 0 0.0034457463771104813 False
13276 15 "" 258.0778018841506 -38.513600731088744 27.714284896850586 -105.01785262601699 20.602734150095966 107.01972726857116 3.4262850284576416 27.876122839732467 0 0 0.002297164173796773 False
13276 16 "" 258.0735013686673 -38.480000104844 20.714284896850586 16.439477709034897 25.77961097445668 30.575231304769922 2.717125415802002 22.628083401156694 0 0 0.0019839145243167877 False
13276 17 "" 258.071754140292 -38.471336817588146 40.42856979370117 47.85784179744062 28.912660581671936 55.913459590869714 4.197499752044678 21.388418278180847 0 0 0.0037589960265904665 False
13276 18 "" 258.06540815987717 -38.474594789478175 18.0 37.170145630096094 47.439332896930004 60.266989570313676 2.8488166332244873 21.388418278180847 0 0 0.0016706648748368025 False
13276 19 "" 258.0495002290059 -38.4995181153249 32.71428680419922 -49.85227820367326 97.30856229608573 109.33529136663803 3.8869240283966064 32.64496321697422 0 0 0.003132496727630496 False
13276 20 "" 258.1466674535218 -38.5037354813788 24.079545974731445 -80.73719388248999 -175.11874568969884 192.83430599338956 3.413069725036621 121.27875177737678 0 0 0.002088331151753664 False
13276 21 "" 258.13660825421346 -38.45989171279741 21.31818199157715 78.47742989478922 -155.9610534364257 174.5925462094278 2.3993797302246094 50.472327830388444 0 0 0.0018794980132952332 False
13276 22 "" 258.05206487582876 -38.515897836240036 43.2386360168457 -109.13498802265306 93.45294705899263 143.67984870786685 4.641955852508545 29.964953505589296 0 0 0.003550162771716714 False
13276 23 "" 258.0447242246238 -38.50778008436563 28.0 -78.78160361446879 112.4342938391847 137.2880602936155 4.111691474914551 14.704927125237278 0 0 0.0019839145243167877 False
13276 24 "" 258.04294039661187 -38.511618884232064 18.079545974731445 -92.29318468463117 118.2370568657927 149.99344504182886 2.7553956508636475 14.704927125237278 0 0 0.001566248363815248 False
14533 1 "" 103.55424099042457 -23.928220141764413 3919.857177734375 -5.9607078935892215 -9.755680835069843 11.432556457260374 57.32783126831055 60.4046255429951 0 0 0.06577926874160767 False
14533 2 "" 103.5485054437287 -23.944159259160028 44.42856979370117 -46.09549230371954 35.38762284711337 58.11263426735882 4.51531982421875 60.4046255429951 0 0 0.0007687059696763754 False
14533 3 "" 103.52009167961229 -23.927478877584676 19.714284896850586 52.78690794130687 86.0737569612627 100.97103192218313 2.608375072479248 40.97495850045854 0 0 0.00027453782968223095 False
14533 4 "" 103.60533096238213 -23.942564824616287 41.397727966308594 -135.08513971971647 -129.14438122498638 186.88570350639432 4.088664531707764 155.23345263470765 0 0 0.0005124706076458097 False
14533 5 "" 103.59355192904026 -23.90081035870451 20.238636016845703 14.345717827302533 -171.19011382241578 171.79014724515565 2.4940006732940674 155.23345263470765 0 0 0.0002562353038229048 False
14533 6 "" 103.50835775918141 -23.923669866304145 21.079545974731445 84.03348392292328 112.58033564541905 140.4847265515345 3.0947277545928955 40.97495850045854 0 0 0.00027453782968223095 False
14577 1 "" 260.58025807139165 -38.46613164468209 34.0 -64.33653481675924 41.97655360574595 76.8194035699584 4.424476623535156 24.444169994384648 0 0 0.004869526717811823 False
14577 2 "" 260.57275430155426 -38.4627280739731 100.42857360839844 -79.7067994752614 22.96938624598468 82.95038629871932 8.030669212341309 24.444169994384648 0 0 0.013796991668641567 False
14577 3 "" 260.5652018250216 -38.4837390456207 32.71428680419922 -8.255760631683575 -9.728991613116206 12.759735946160557 3.8869240283966064 76.27920188083544 0 0 0.005031844135373831 False
14577 4 "" 260.5434618503668 -38.50661883439322 130.42857360839844 63.68934951243168 -82.94323498192632 104.57491798028688 9.49716854095459 102.64708620178283 0 0 0.01817956566810608 False
14577 5 "" 260.51738155662275 -38.48618923339903 26.0 -20.28557487171312 -144.23692567134404 145.6564288831657 3.6915223598480225 103.96491929325414 0 0 0.0030840334948152304 False
14577 6 "" 260.6088719494491 -38.47903744086908 24.0 -5.972190287823615 114.47601428970366 114.63169240873316 3.7210371494293213 93.07292039985116 0 0 0.0025970807764679193 False
14577 7 "" 260.5747367605348 -38.52462744140485 38.0 141.3242654182556 -5.89445059979416 141.4471369235976 4.985342979431152 109.37867864656552 0 0 0.0035709862131625414 False
14572 1 "" 70.1941948520416 50.45650428143522 25.428571701049805 -9.797328920438368 -99.8329180395636 100.31250758638964 2.8607897758483887 36.81027938218581 0 0 0.0015041771112009883 False
14572 2 "" 70.18539050286846 50.46755326613745 18.0 26.35474277599372 -73.71201185885648 78.28175495649668 2.8488166332244873 29.82328239002922 0 0 0.0011281328042969108 False
14572 3 "" 70.1792426351746 50.4474053392165 19.0 -47.48661336776165 -71.07240129327873 85.47669082698586 2.9618782997131348 42.28438680657387 0 0 0.0011281328042969108 False
14572 4 "" 70.1792498040169 50.46024923818564 26.0 -1.808239096218866 -63.90004851909354 63.92562811088838 3.6915223598480225 29.371074468720916 0 0 0.0014415030600503087 False
14572 5 "" 70.16778115730446 50.456608744814496 31.714284896850586 -18.839310426762058 -39.97093184544469 44.18817726438928 3.7974064350128174 9.382806496455169 0 0 0.0017548731993883848 False
14572 6 "" 70.16707107708376 50.47273841902822 21.0 38.270178583640615 -29.3449919698147 48.22587606806365 3.1807425022125244 25.22821197863476 0 0 0.0011908068554475904 False
14572 7 "" 70.16694011786785 50.46573107817541 23.0 13.303235894679574 -32.96638015738383 35.54937841862557 3.3908376693725586 25.22821197863476 0 0 0.0011908068554475904 False
14572 8 "" 70.1640804157166 50.45549450232909 28.714284896850586 -24.1191301426428 -32.21460787608147 40.24317829704099 3.521129608154297 9.382806496455169 0 0 0.0016295250970870256 False
14572 9 "" 70.16063775498758 50.45200867160389 231.85714721679688 -37.741012672883635 -26.36743782176182 46.03939416259991 13.024190902709961 14.823801176210269 0 0 0.013286896981298923 False
14572 10 "" 70.15537420384892 50.46142425525991 275.1428527832031 -6.12772098890574 -9.189417059458592 11.045105269328333 14.65424633026123 9.370863344117051 0 0 0.014728400856256485 False
14572 11 "" 70.15333999896853 50.45916623102812 33.42856979370117 -14.881444494358066 -5.844958268531715 15.988149592730776 3.6056950092315674 7.763746096193042 0 0 0.0019428953528404236 False
14572 12 "" 70.15117344897281 50.47049804552067 22.714284896850586 24.649261825108997 5.387437348483084 25.23114325009087 2.928589344024658 19.76007854031929 0 0 0.0014415030600503087 False
14572 13 "" 70.15056178688825 50.46398071017323 32.0 1.2533706192170904 3.133257728655859 3.374646930168889 4.249416351318359 14.364150767140144 0 0 0.001880221301689744 False
14572 14 "" 70.14996959465631 50.45938285631162 47.42856979370117 -15.309114654833518 1.9069996570501564 15.427431387202077 4.745235443115234 7.763746096193042 0 0 0.0028830061201006174 False
14572 15 "" 70.14605204253719 50.45081347923018 25.0 -47.17804357616771 5.994290606326119 47.557326623222515 3.5930898189544678 32.129963863924345 0 0 0.0014415030600503087 False
14572 16 "" 70.14321836134891 50.468378891120715 50.71428680419922 14.286436382815594 22.212197458872282 26.40992200806677 5.326464653015137 19.76007854031929 0 0 0.002632309915497899 False
14572 17 "" 70.13025530146825 50.49886204248578 19.0 118.10144457359097 68.54698822310732 136.55270339626304 3.187164306640625 112.79379117282973 0 0 0.0008147625485435128 False
14572 18 "" 70.1090522781549 50.43259372699773 23.0 -125.10877112490674 79.64929663775658 148.31121018747584 3.618704080581665 107.22993150126437 0 0 0.0010654587531462312 False
14538 1 "" 339.27065553060635 56.908814874766946 29.714284896850586 81.28699526788877 -35.193233923704256 88.57843594064155 3.614560842514038 90.47742121304341 0 0 0.000282147026155144 False
14538 2 "" 339.23450668503557 56.89077268688417 19.0 -9.633712074560739 -66.86037569438882 67.55085674016546 2.9618782997131348 41.15736577659569 0 0 0.0001713035599095747 False
14538 3 "" 339.2249424636673 56.9058666005596 2026.7142333984375 -5.469124565842638 -9.511734342143333 10.971983125771398 41.533424377441406 28.80667711427354 0 0 0.018349632620811462 True
14538 4 "" 339.21911975265766 56.898523591792184 24.714284896850586 -26.42050263256986 -29.282025272503276 39.43957357042735 3.132646322250366 19.18597342680107 0 0 0.00024184031644836068 False
14538 5 "" 339.2116729630983 56.89507947143504 218.14285278320312 -44.76761787954603 -34.89316940254408 56.75978225437169 12.75808048248291 19.18597342680107 0 0 0.0019951825961470604 False
14538 6 "" 339.2113631229467 56.882997051153595 34.0 -62.502349774951234 -74.61488665432672 97.33408980325635 4.424476623535156 43.50098317087178 0 0 0.00031237705843523145 False
14538 7 "" 339.1975584708623 56.895487606205435 37.14285659790039 -69.68329938043333 -22.58267108039879 73.25120644514041 3.627852201461792 23.5408885565766 0 0 0.0003426071198191494 False
14538 8 "" 339.1941439198731 56.90175521774681 39.0 -66.93630821951938 0.7973946507966572 66.94105762749507 4.842139720916748 23.5408885565766 0 0 0.0003325304132886231 False
14538 9 "" 339.1412803075709 56.89469716321565 18.079545974731445 -172.44562001289054 18.559206582202222 173.44144836396833 2.7553956508636475 106.99391028557389 0 0 0.0001108434735215269 False
13748 1 "" 220.1701985211331 -62.70064855337417 22.85714340209961 95.18989615955545 -65.12329549221126 115.3349901228279 2.0607056617736816 41.43255622517396 0 0 0.0010291298385709524 False
13748 2 "" 220.1572359497532 -62.75482728179476 211.57142639160156 -95.95755059450485 -109.41580298286051 145.5323656733481 12.098617553710938 48.505663610809314 0 0 0.01432205643504858 False
13748 3 "" 220.14957419051078 -62.722463273118706 21.428571701049805 9.818907585913953 -58.96141990250053 59.773405316241636 2.453681230545044 36.20597769828072 0 0 0.0008576081600040197 False
13748 4 "" 220.13876981989995 -62.731217469999926 22.714284896850586 -25.818190068552237 -52.568447835109566 58.56637812097078 2.928589344024658 36.20597769828072 0 0 0.0015436946414411068 False
13748 5 "" 220.11848014385637 -62.740271213509665 53.42856979370117 -67.65144877212478 -31.785702445342828 74.74656782027718 5.18573522567749 46.71128385835588 0 0 0.004545323085039854 False
13748 6 "" 220.08275125523133 -62.75266956338643 27.714284896850586 -129.28649726407883 8.989326000943972 129.5986356284892 3.4262850284576416 73.90184129912478 0 0 0.002229781122878194 False
13748 7 "" 220.0831390903926 -62.72285433878261 24.85714340209961 -27.817856365466977 43.99339963417076 52.05047880799568 2.2574989795684814 49.08944285537745 0 0 0.0008576081600040197 False
13748 8 "" 220.06362974371615 -62.71256019955452 21.714284896850586 -3.5437798327530827 86.6612166434263 86.73364310128969 2.8238296508789062 49.08944285537745 0 0 0.001372173079289496 False
13748 9 "" 220.22288834602435 -62.71406257129902 39.1363639831543 78.31505885646365 -163.16476548678526 180.98615731610246 -0.5841901302337646 31.596531654025753 0 0 0.0017152163200080395 False
13748 10 "" 220.21479833431232 -62.704514135305 50.45454406738281 106.36343422878399 -139.2231099557579 175.20346596655534 -0.06935569643974304 31.698544677690723 0 0 0.0016294554807245731 False
13748 11 "" 220.20433534718683 -62.71189753008712 38.897727966308594 75.57365382684384 -131.68738454383788 151.83196106464626 -0.4240745007991791 31.596531654025753 0 0 0.0015436946414411068 False
13748 12 "" 220.1952095465457 -62.699716336030605 49.556819915771484 111.99698610154665 -102.99384398353918 152.15471334906337 -1.998660922050476 36.66465081776824 0 0 0.0016294554807245731 False
13748 13 "" 220.19185745157975 -62.75021060903474 30.19318199157715 -61.41713637598608 -157.78325373278025 169.31514934916305 1.630819320678711 49.58628320075435 0 0 0.002058259677141905 False
13748 14 "" 220.18064948841024 -62.76299333733401 47.0 -110.9528957685142 -155.5453924611694 191.06259234951773 5.679969787597656 48.505663610809314 0 0 0.002572824480012059 False
13748 15 "" 220.13690172453275 -62.67843367926846 40.45454406738281 152.4756007113163 13.227162773998048 153.04824940954603 -0.7213504314422607 11.703960299956112 0 0 0.0021440202835947275 False
13748 16 "" 220.135271088463 -62.68779526464616 44.09090805053711 119.78160679691433 4.615239599630321 119.8704874579752 -0.912336528301239 33.8092067170492 0 0 0.0016294554807245731 False
13748 17 "" 220.12989616330424 -62.67795365725132 54.52000045776367 150.2746825295321 24.722320270093544 152.2946923858108 -1.6421211957931519 11.703960299956112 0 0 0.002229781122878194 False
13748 18 "" 220.1096372805586 -62.68176773630445 36.1136360168457 126.23262127872485 51.758457261838366 136.43171395618955 2.271512031555176 36.17973759750007 0 0 0.0018867378821596503 False
13748 19 "" 220.0843369143203 -62.69033070404172 36.625 83.29316656054367 80.96865075206215 116.16227442802541 0.4883662164211273 51.93295846792328 0 0 0.001114890561439097 False
13748 20 "" 220.03257513806207 -62.708957447537635 35.477272033691406 -8.340815296393219 139.31542889151 139.5648878731106 3.400200605392456 52.87227644716719 0 0 0.0024013028014451265 False
14534 1 "" 103.55433217635577 -23.928307687652648 3303.71435546875 -6.504587939390814 -8.894608094431662 11.019243050899535 53.22691345214844 60.25092991125921 0 0 0.057074349373579025 False
