astromon/tests/data/astromon_xray_src.ecsv
# %ECSV 1.0
# ---
# datatype:
# - {name: obsid, datatype: int32}
# - {name: id, datatype: int32}
# - {name: ra, datatype: float64}
# - {name: dec, datatype: float64}
# - {name: net_counts, datatype: float32}
# - {name: y_angle, datatype: float32}
# - {name: z_angle, datatype: float32}
# - {name: r_angle, datatype: float32}
# - {name: snr, datatype: float32}
# - {name: near_neighbor_dist, datatype: float32}
# - {name: pileup, datatype: float32}
# - {name: acis_streak, datatype: int32}
# schema: astropy-2.0
obsid id ra dec net_counts y_angle z_angle r_angle snr near_neighbor_dist pileup acis_streak
[from data line 136]
14536 34 0.5510807922326312 67.41865261325299 86.14286 -40.750534 -33.08687 52.491398 6.971584 11.7031765 0.0054519414 0
14536 35 0.549918801913351 67.40645196004675 36.0 -4.1592684 -57.435047 57.585453 4.594796 8.494451 0.0021126273 0
14536 36 0.5474459328573246 67.4342013463732 51.42857 -91.08182 -8.082004 91.43969 5.041596 9.969604 0.002998568 0
14536 37 0.544419449019596 67.40750259079378 236.57143 -11.362064 -61.93787 62.971394 12.984675 5.6154003 0.013493555 0
14536 38 0.5435403159654922 67.3936299143505 39.0 30.560453 -89.106766 94.20168 4.8421397 19.225697 0.0023170752 0
14536 39 0.5428917218634051 67.40894780123166 1073.8572 -16.901266 -61.01594 63.313488 28.933407 5.6154003 0.061947685 0
14536 40 0.5424176933548086 67.39895292556164 34.142857 13.417731 -80.40306 81.51495 3.3711498 13.360898 0.0022489259 0
14536 41 0.542420750606416 67.4292370901262 59.0 -79.48508 -23.349735 82.84375 6.2993894 19.172588 0.0030667172 0
14536 42 0.5391057901959814 67.453008256677 80.14286 -154.80428 17.531363 155.79381 6.6230183 22.642057 0.004088956 0
14536 43 0.5373205906870765 67.40210530501237 30.714285 0.05701643 -80.47302 80.47304 3.7066355 8.227467 0.0018400302 0
14536 44 0.5367955990508697 67.43632487988643 39.0 -105.2952 -16.619043 106.59864 4.8421397 10.914987 0.0023852244 0
14536 45 0.536276796445502 67.4141625298656 60.0 -37.685284 -58.98618 69.99679 6.365334 20.22914 0.0032711648 0
14536 46 0.5343574434573402 67.40602191255351 47.0 -14.102623 -76.58611 77.873726 5.4606013 14.68344 0.0028622693 0
14536 47 0.5323461052412891 67.40085268705718 30.0 0.29775232 -88.69697 88.697464 4.069218 8.227467 0.0016355824 0
14536 48 0.5303374458225615 67.43457804219824 27.0 -104.60622 -27.512262 108.1637 3.7882755 10.914987 0.0017037317 0
14536 49 0.5246547416229117 67.40432415787933 21.0 -15.919996 -91.22033 92.59911 3.1807425 14.746633 0.001294836 0
14536 50 0.5235153326897832 67.45105438375147 127.71429 -160.07613 -4.488411 160.13904 8.006656 0.21774724 0.0072919717 0
14536 51 0.521996798262869 67.41538625978426 197.14285 -51.77399 -73.5026 89.9065 11.994769 20.22914 0.011789823 0
14536 52 0.522052813874738 67.45054409119355 56.857143 -159.56802 -7.1704054 159.72905 4.8645644 2.7296984 0.0034756127 0
14536 53 0.5134776352687023 67.44149529472934 18.0 -138.01508 -34.315266 142.21709 2.8488166 34.094475 0.0008859405 0
14536 54 0.5015188007594577 67.39920775787496 25.0 -16.989288 -128.13185 129.25327 3.5930898 36.927002 0.0015674331 0
14536 55 0.5005072426614599 67.41981068942596 38.42857 -80.90136 -90.4692 121.366005 4.033325 7.1279635 0.0023170752 0
14536 56 0.49745637693930117 67.41821445935585 35.0 -78.215996 -97.071976 124.662384 4.5102067 7.1279635 0.0021126273 0
14536 57 0.4820371975835852 67.42197477201077 24.714285 -100.91435 -108.13183 147.90605 3.1326463 25.249475 0.001499284 0
14536 58 0.48181776544586175 67.413190901489 177.85715 -74.14255 -124.963615 145.3032 11.027963 10.065029 0.010017943 0
14536 59 0.47614107269280853 67.41144087724032 359.7143 -72.89154 -134.95059 153.3781 16.255945 10.065029 0.019899586 0
14536 60 0.4706873269895664 67.41634627341267 31.0 -91.88294 -132.11447 160.92455 4.159987 11.835989 0.0016355824 0
14536 61 0.6669820035232514 67.41069382135493 17.0 67.38867 88.591934 111.30932 2.955901 30.459751 0.0008859405 0
14536 62 0.6602022835946236 67.40264367586119 36.079544 87.223145 65.47505 109.06356 4.5321817 30.459751 0.002044478 0
14536 63 0.6597931735756027 67.44508039833602 191.31818 -43.40941 144.68872 151.06027 12.065178 43.588867 0.009745345 0
14536 64 0.6296790024276596 67.44871387961565 123.079544 -76.26693 116.046585 138.86488 9.742185 31.172209 0.005997136 0
14536 65 0.613074146863014 67.4560273407049 17.0 -110.69017 110.24698 156.22647 2.955901 34.90838 0.0008859405 0
14536 66 0.5535630967453127 67.46287669940993 243.39772 -174.6399 53.123196 182.54085 13.767196 9.630896 0.013152809 0
14536 67 0.5483762555419127 67.46108661016964 97.079544 -172.8922 43.6522 178.31776 8.473973 9.630896 0.0047022994 0
14536 68 0.5234472399301432 67.45110894250338 97.625 -160.29268 -4.465671 160.35487 4.424586 0.21774724 0.0072919717 0
14536 69 0.5202353480544654 67.45585930386174 21.0 -177.184 0.7106225 177.18542 3.4076533 9.103783 0.0008177912 0
14536 70 0.5167157844026351 67.45799806570491 75.0 -186.28716 0.6037463 186.28813 7.4978585 9.103783 0.0037482097 0
14536 71 0.5085949561410618 67.38485225281482 49.079544 32.163353 -146.85945 150.34021 5.555721 27.638638 0.0021807766 0
14536 72 0.49104196558547203 67.38851140679034 42.079544 8.213988 -160.65518 160.86502 5.023822 14.257645 0.0023852244 0
14536 73 0.4826552885135601 67.39081113009367 31.079546 -4.920112 -166.20277 166.27559 4.09133 14.257645 0.001499284 0
14536 74 0.4625894764519425 67.41741343160815 189.15909 -101.024155 -139.63304 172.34636 12.286951 11.835989 0.009132002 0
14536 75 0.45240720376012933 67.40877906082649 30.0 -81.94186 -167.92235 186.84856 4.297096 34.123577 0.0013629853 0
14542 1 213.757586214375 -61.707446143403416 64.85714 -25.259535 -9.563241 27.009253 2.1094315 2.7224987 0.009665 0
14542 2 213.75692379162743 -61.706758151065365 1493.4286 -27.775742 -8.523673 29.05417 34.741165 2.7224987 0.15097398 0
14542 3 213.70509584087395 -61.67745082462306 24.0 -164.453 8.189491 164.65678 3.7210371 137.69533 0.0021107472 0
